2019-12-09
002291
600053
300465
002801
300042
603739
603477
603916
000628
002001
002695
603600
300382
002075
300395
603823
603887
600933
002242
002099
601789
002014
002950
603987
300214
002303
603590
603387
600792
600195
002104
601900
603898
603321
002852
603609
000913
603689
600378
300067
600116
600252
300761
603559
000591
300212
603187
600523
603186
002928
002278
603926
603615
002298
603458
300429
600777
603717
603677
600693
300144
600439
002043
603020
601116
000606
603918
600648
002521
603919
300546
300607
603225
603708
600917
002520
000958
600984
300305
002927
002311
300205
600845
300459
002296
603416
002224
000676
300594
002258
300231
000032
300393
300257
002132
002870
300118
300578
603192
300418
002117
603228
300286
300494
000662
002152
300306
002809
600529
600007
002756
300586
