2019-12-02
603567
002030
600222
600771
002762
002414
002664
002080
600260
002131
002162
600058
002548
600496
300718
300385
002300
002435
002451
002775
002550
603139
000667
600612
002615
002065
300332
603985
300617
300254
603466
300715
600846
002609
300213
000521
300342
603128
002565
002225
300488
300311
002208
000797
300319
601366
603269
002682
002918
002722
600113
300123
002776
300438
300420
600978
002549
002856
600853
002164
300739
002838
000524
300234
603726
600278
000576
000531
603001
002886
000997
002388
000738
300497
600353
002055
300047
300287
300621
002937
600590
300373
002605
000951
600728
300424
000682
002404
000863
002522
000881
002621
600232
600120
300691
601965
002138
603266
603055
000021
000733
300686
002749
600258
