2019-10-28
600222
600673
000631
300339
002194
300434
300042
000582
002663
000788
002384
603367
600738
000975
002822
603131
600419
000603
000989
000935
300112
002377
600420
002923
002559
601388
002787
002237
600760
300215
600573
000680
600246
000055
000517
002300
002588
300181
603637
002037
600620
300263
603909
603858
600248
300154
300703
300377
000023
002550
600271
603139
600993
002538
000667
002615
600792
002270
603648
600117
002074
002275
002093
000753
300021
002360
002010
603898
601016
002910
600400
603339
300414
002429
002422
002661
600706
002598
600989
002443
603168
300715
300664
600841
603977
300245
300067
600252
002401
600292
002091
002803
002539
300212
002025
600973
300120
300164
000731
000530
300251
601518
002215
600637
600749
002543
600644
601158
601890
002120
600172
002171
002554
600190
600713
300143
000838
000605
300288
600638
002488
601366
600785
603615
600272
603458
300243
300265
002768
600097
601880
300065
603693
000510
002757
002639
600250
000560
600676
002232
603861
000888
600336
000551
300724
600168
000637
600662
600475
603535
603876
300438
002126
000901
600477
600037
600287
000887
600054
002856
601216
002195
600558
000925
603533
600868
603848
600686
000626
603636
601228
002593
600067
600551
600277
300017
603828
002527
002254
600711
000606
601689
002620
300353
002013
300137
002587
002411
600996
002158
600410
002346
300234
300349
300531
300130
603790
603518
603086
601226
601199
601010
600982
600791
600415
600356
300603
300196
300052
300018
002769
002386
002348
002315
002115
002031
000978
000973
000882
000531
300631
300328
002253
300024
603225
600650
300583
000997
000922
000993
600160
601515
002520
603663
002596
002740
002063
603611
300350
002397
600576
000563
000886
002631
002927
300047
601099
603379
300205
601179
002304
002882
002649
600293
300103
002003
601908
600590
002674
603085
300166
300687
300611
002630
002867
600862
000016
002605
002183
000685
600880
600879
002296
300271
600335
600728
002389
601020
002421
002467
002614
600787
600580
002035
002797
601869
600110
002707
300082
600125
300124
000881
603331
600331
300719
600386
600088
600824
002139
300766
600731
000028
600497
000936
002117
300745
002889
600703
002935
603629
601999
300050
002137
600459
601700
300227
002285
002485
600171
603026
600864
000859
002530
300259
300303
002627
002442
603089
002654
300586
