2019-11-25
000078
002497
600279
300132
000739
002108
002571
002644
002400
603798
600163
002162
600976
600058
603358
002075
600834
002372
603823
000928
603077
002950
600155
000517
002302
600620
600322
300403
000950
000023
000090
000919
002271
002538
600090
600106
600326
600481
600400
300355
002186
002443
000525
300506
002444
600252
000505
002683
600345
600292
603007
600780
000767
002539
600729
300164
601518
000006
002225
600874
000498
002753
000912
600202
600969
601882
002576
002286
000548
600777
600838
600623
000637
002272
002040
002561
600251
600863
603050
000901
000088
001696
600054
002051
600929
603817
600992
001896
002246
002116
600067
600963
300283
300353
002193
002391
600854
600582
600428
600312
600191
600017
000978
000096
000019
603225
002595
002187
000821
603527
000690
603017
600141
000833
002397
002585
600310
000937
000920
002818
000507
000629
300335
601678
601933
002632
002770
000635
600335
603585
603656
603586
300388
300699
300082
600125
000923
600180
600386
002029
300159
601969
600586
300580
000630
300073
603685
002154
300160
603937
603396
300145
002039
603166
002669
002406
