2019-11-18
603567
002603
600200
002317
002430
300267
000975
000910
600426
300401
300545
002637
300642
000952
002532
600226
000538
603590
002217
300009
600858
002558
002203
600378
002416
300483
603806
300311
300288
002752
002549
002046
600727
002725
600723
600977
300560
000011
300735
603855
603086
300196
002772
002115
000902
300328
603818
600367
002145
603686
002003
300129
002045
002797
300061
300533
300236
300005
300151
300758
300408
603444
603629
002855
002866
601038
300415
300276
603989
000636
300306
300229
000859
000021
