2019-12-16
300147
600513
002098
603825
603558
000756
600851
603666
603033
600129
002644
002392
603277
603367
600976
002240
000989
002875
600420
002393
300662
300233
600572
000963
002206
000566
002524
002462
002567
600167
603136
603858
002434
600062
300463
300396
002891
603158
002010
300253
002422
002262
603609
600846
002650
000593
002626
002241
300737
603639
603596
002732
002672
300441
000861
300113
600978
600739
600452
002364
000977
000541
000990
300397
603388
002158
300175
002769
002526
603225
300679
002601
300464
300459
603180
601799
300129
002850
300192
600675
603681
603661
002027
002811
603713
600797
300695
000028
002138
603444
002600
300729
002956
300778
002617
002039
002602
