2019-11-04
000597
603825
600528
600079
600988
002675
600380
000582
002001
600660
300088
002597
002332
600058
300676
002020
000935
002788
002099
603697
002233
002223
603167
300692
300755
000570
300463
600487
601900
300298
600858
600009
000030
300715
603706
300245
300316
002859
002361
600190
002278
000430
603076
601882
600272
002722
300527
002681
600992
600686
002513
000719
603118
002725
603828
600711
601636
300260
600723
601021
300140
300769
603079
601886
600717
002769
002253
603225
601007
603100
300583
000930
000690
600184
603198
601933
002850
000016
000559
601869
002811
002064
000060
000807
300327
600885
002484
002318
000688
601595
601231
002449
600456
300274
300285
000889
300486
600754
603258
300207
600819
300046
002326
600258
603081
