000333	
000786	
002508	
002572	
603208	
603313	
603737	
603833	
002594	
002920	
600104	
600660	
600699	
601058	
601633	
601799	
000066	
000547	
002013	
002414	
600760	
600893	
601698	
603678	
603712	
002001	
002597	
002601	
002643	
002810	
300285	
600143	
600352	
002027	
002607	
002624	
300144	
300651	
603466	
603533	
603899	
605099	
000876	
000998	
002299	
002311	
002385	
300087	
600201	
600486	
600598	
000001	
002142	
300033	
600036	
601066	
601318	
601336	
601628	
601688	
000157	
002367	
002410	
300815	
600585	
601100	
601636	
603338	
000338	
002129	
002202	
002340	
002460	
002812	
300001	
300037	
300124	
300274	
300450	
300724	
300750	
600438	
600885	
601865	
688339	
000538	
000661	
000963	
002821	
300122	
300529	
300676	
600196	
600276	
603259	
603939	
002271	
002714	
300015	
300059	
300347	
300413	
300760	
600031	
600298	
600309	
600406	
600763	
601012	
603882	
002918	
002906	
688363	
688002	
603605	
300014	
002007	
000516	
603128	
000889	
300896		
