600803    
601958    
300474    
603606    
002832    
300618    
601882    
600089    
000681    
002895    
601872    
002196    
600516    
603882    
300456    
300567    
600906    
600584    
600460    
603297    
002036    
002013    
601012    
300900    
688520    
301047    
603939    
601615    
603466    
300378    
688308    
600196    
002092    
002384    
300073    
002624    
600359    
600110    
600006    
300236    
002474    
603993    
002149    
000973    
300123    
600061    
002428    
300623    
002338    
000728    
002074    
600218    
002833    
002545    
688036    
603290    
603806    
688599    
603233    
002273    
688017    
002553    
000792    
603218    
002531    
300024    
300661    
600893    
000001    
002979    
688981    
300725    
601899    
600596    
600426    
002648    
600096    
000553    
300458    
300346    
000818    
601117    
603127    
600486    
300003    
600161    
600346    
603486    
603883    
603588    
688202    
603733    
603458    
002614    
002156    
600354    
688696    
605358    
002851    
600905    
603195    
601888    
000725    
000100    
002916    
300782    
002371    
002415    
603986    
002241    
002747    
002352    
601933    
300607    
300941    
600582    
600038    
000860    
300638    
600660    
002568    
002906    
002493    
603520    
300727    
600352    
000938    
300653    
300357    
000636    
002340    
601318    
002463    
300347    
000733    
603355    
300132    
600884    
603605    
600699    
002353    
002475    
002609    
002597    
600143    
300760    
600406    
300244    
300759    
002007    
300373    
601865    
002025    
600862    
002179    
603786    
300776    
600111    
002385    
002508    
603678    
002572    
000825    
002223    
603712    
600873    
600176    
603236    
002202    
300015    
603730    
300001    
603885    
300751    
300207    
002367    
603501    
600223    
603713    
603983    
600315    
300957    
000977    
002803    
002891    
300012    
002594    
600529    
000895    
002973    
300864    
399006    
002709    
603260    
600547    
601600    
601088    
600362    
603799    
300146    
688366    
600436    
300850    
600057    
601598    
603816    
000651    
002050    
688169    
600690    
002242    
600570    
003030    
605179    
002959    
002032    
688200    
688006    
002459    
300888    
300316    
688396    
003010    
000333    
000786    
603208    
603313    
603737    
603833    
002920    
600104    
601058    
601633    
601799    
000066    
000547    
002414    
600760    
601698    
002001    
002601    
002643    
002810    
300285    
002027    
002607    
300144    
300651    
603533    
603899    
605099    
000876    
000998    
002299    
002311    
300087    
600201    
600598    
000001    
002142    
300033    
600036    
601066    
601336    
601628    
000157    
002410    
300815    
600585    
601100    
601636    
603338    
000338    
002129    
002460    
002812    
300037    
300124    
300274    
300450    
300724    
300750    
600438    
600885    
688339    
000538    
000661    
000963    
002821    
300122    
300529    
300676    
600276    
603259    
002271    
002714    
300059    
300413    
600031    
600298    
600309    
600763    
002918    
688363    
688002    
300014    
000516    
603128    
300896    